(kicad_pcb (version 3) (host pcbnew "(2013-11-03 BZR 4430)-product")

  (general
    (links 225)
    (no_connects 0)
    (area 104.013102 91.5 167.869788 120.66755)
    (thickness 1.6)
    (drawings 9)
    (tracks 1043)
    (zones 0)
    (modules 92)
    (nets 56)
  )

  (page USLetter)
  (layers
    (15 F.Cu signal hide)
    (2 Inner2.Cu signal hide)
    (1 Inner1.Cu power hide)
    (0 B.Cu signal)
    (16 B.Adhes user hide)
    (17 F.Adhes user hide)
    (18 B.Paste user hide)
    (19 F.Paste user hide)
    (20 B.SilkS user)
    (21 F.SilkS user)
    (22 B.Mask user)
    (23 F.Mask user hide)
    (24 Dwgs.User user)
    (25 Cmts.User user)
    (26 Eco1.User user)
    (27 Eco2.User user)
    (28 Edge.Cuts user)
  )

  (setup
    (last_trace_width 0.5)
    (user_trace_width 0.175)
    (user_trace_width 0.25)
    (user_trace_width 0.5)
    (user_trace_width 0.75)
    (user_trace_width 1)
    (user_trace_width 1.5)
    (user_trace_width 2)
    (user_trace_width 3)
    (trace_clearance 0.1524)
    (zone_clearance 0.381)
    (zone_45_only no)
    (trace_min 0.00689)
    (segment_width 0.2)
    (edge_width 0.175)
    (via_size 0.889)
    (via_drill 0.635)
    (via_min_size 0.000512)
    (via_min_drill 0.1778)
    (user_via 0.55 0.35)
    (uvia_size 0.508)
    (uvia_drill 0.127)
    (uvias_allowed no)
    (uvia_min_size 0)
    (uvia_min_drill 0.127)
    (pcb_text_width 0.3)
    (pcb_text_size 1 1)
    (mod_edge_width 0.15)
    (mod_text_size 1 1)
    (mod_text_width 0.175)
    (pad_size 0.7 0.7)
    (pad_drill 0)
    (pad_to_mask_clearance 0.1016)
    (aux_axis_origin 0 0)
    (visible_elements FFFFBF7F)
    (pcbplotparams
      (layerselection 284983303)
      (usegerberextensions true)
      (excludeedgelayer true)
      (linewidth 0.150000)
      (plotframeref false)
      (viasonmask false)
      (mode 1)
      (useauxorigin false)
      (hpglpennumber 1)
      (hpglpenspeed 20)
      (hpglpendiameter 15)
      (hpglpenoverlay 2)
      (psnegative false)
      (psa4output false)
      (plotreference true)
      (plotvalue true)
      (plotothertext true)
      (plotinvisibletext false)
      (padsonsilk false)
      (subtractmaskfromsilk true)
      (outputformat 1)
      (mirror false)
      (drillshape 0)
      (scaleselection 1)
      (outputdirectory KiCad/Gerber/))
  )

  (net 0 "")
  (net 1 3V3)
  (net 2 3V3_Analog)
  (net 3 3V3_Analog_Unswitched)
  (net 4 GND)
  (net 5 "Net-(C1-Pad1)")
  (net 6 "Net-(C12-Pad1)")
  (net 7 "Net-(C16-Pad1)")
  (net 8 "Net-(C17-Pad1)")
  (net 9 "Net-(C17-Pad2)")
  (net 10 "Net-(C2-Pad2)")
  (net 11 "Net-(C23-Pad1)")
  (net 12 "Net-(C24-Pad1)")
  (net 13 "Net-(C25-Pad2)")
  (net 14 "Net-(C26-Pad1)")
  (net 15 "Net-(C29-Pad1)")
  (net 16 "Net-(C3-Pad2)")
  (net 17 "Net-(C6-Pad1)")
  (net 18 "Net-(C6-Pad2)")
  (net 19 "Net-(C7-Pad2)")
  (net 20 "Net-(D10-Pad1)")
  (net 21 "Net-(D2-Pad2)")
  (net 22 "Net-(D4-Pad2)")
  (net 23 "Net-(D7-Pad2)")
  (net 24 "Net-(D8-Pad1)")
  (net 25 "Net-(D9-Pad2)")
  (net 26 "Net-(IC1-Pad1)")
  (net 27 "Net-(IC1-Pad19)")
  (net 28 "Net-(IC1-Pad2)")
  (net 29 "Net-(IC1-Pad20)")
  (net 30 "Net-(IC1-Pad23)")
  (net 31 "Net-(IC1-Pad24)")
  (net 32 "Net-(IC1-Pad3)")
  (net 33 "Net-(IC1-Pad30)")
  (net 34 "Net-(IC1-Pad31)")
  (net 35 "Net-(IC1-Pad4)")
  (net 36 "Net-(IC1-Pad44)")
  (net 37 "Net-(L3-Pad1)")
  (net 38 "Net-(Q1-PadG)")
  (net 39 "Net-(R10-Pad2)")
  (net 40 "Net-(R11-Pad1)")
  (net 41 "Net-(R13-Pad1)")
  (net 42 "Net-(R15-Pad1)")
  (net 43 "Net-(R17-Pad1)")
  (net 44 "Net-(R22-Pad1)")
  (net 45 "Net-(R23-Pad2)")
  (net 46 "Net-(U10-Pad2)")
  (net 47 "Net-(U3-Pad1)")
  (net 48 "Net-(U3-Pad13)")
  (net 49 "Net-(U3-Pad6)")
  (net 50 "Net-(U3-Pad8)")
  (net 51 RX)
  (net 52 Reset)
  (net 53 TX)
  (net 54 Vcap)
  (net 55 Vmon)

  (net_class Default "This is the default net class."
    (clearance 0.1524)
    (trace_width 0.175)
    (via_dia 0.889)
    (via_drill 0.635)
    (uvia_dia 0.508)
    (uvia_drill 0.127)
    (add_net "")
    (add_net 3V3)
    (add_net 3V3_Analog)
    (add_net 3V3_Analog_Unswitched)
    (add_net GND)
    (add_net "Net-(C1-Pad1)")
    (add_net "Net-(C12-Pad1)")
    (add_net "Net-(C16-Pad1)")
    (add_net "Net-(C17-Pad1)")
    (add_net "Net-(C17-Pad2)")
    (add_net "Net-(C2-Pad2)")
    (add_net "Net-(C23-Pad1)")
    (add_net "Net-(C24-Pad1)")
    (add_net "Net-(C25-Pad2)")
    (add_net "Net-(C26-Pad1)")
    (add_net "Net-(C29-Pad1)")
    (add_net "Net-(C3-Pad2)")
    (add_net "Net-(C6-Pad1)")
    (add_net "Net-(C6-Pad2)")
    (add_net "Net-(C7-Pad2)")
    (add_net "Net-(D10-Pad1)")
    (add_net "Net-(D2-Pad2)")
    (add_net "Net-(D4-Pad2)")
    (add_net "Net-(D7-Pad2)")
    (add_net "Net-(D8-Pad1)")
    (add_net "Net-(D9-Pad2)")
    (add_net "Net-(IC1-Pad1)")
    (add_net "Net-(IC1-Pad19)")
    (add_net "Net-(IC1-Pad2)")
    (add_net "Net-(IC1-Pad20)")
    (add_net "Net-(IC1-Pad23)")
    (add_net "Net-(IC1-Pad24)")
    (add_net "Net-(IC1-Pad3)")
    (add_net "Net-(IC1-Pad30)")
    (add_net "Net-(IC1-Pad31)")
    (add_net "Net-(IC1-Pad4)")
    (add_net "Net-(IC1-Pad44)")
    (add_net "Net-(L3-Pad1)")
    (add_net "Net-(Q1-PadG)")
    (add_net "Net-(R10-Pad2)")
    (add_net "Net-(R11-Pad1)")
    (add_net "Net-(R13-Pad1)")
    (add_net "Net-(R15-Pad1)")
    (add_net "Net-(R17-Pad1)")
    (add_net "Net-(R22-Pad1)")
    (add_net "Net-(R23-Pad2)")
    (add_net "Net-(U10-Pad2)")
    (add_net "Net-(U3-Pad1)")
    (add_net "Net-(U3-Pad13)")
    (add_net "Net-(U3-Pad6)")
    (add_net "Net-(U3-Pad8)")
    (add_net RX)
    (add_net Reset)
    (add_net TX)
    (add_net Vcap)
    (add_net Vmon)
  )

  (module TQFP44 (layer F.Cu) (tedit 5226AFED) (tstamp 512D2541)
    (at 135 106.1)
    (path /5101C9B2)
    (attr smd)
    (fp_text reference IC1 (at -5.6 7.05) (layer F.SilkS)
      (effects (font (size 1.524 1.016) (thickness 0.2032)))
    )
    (fp_text value ATMEGA1284P-A (at 0 1.905) (layer F.SilkS) hide
      (effects (font (size 1.524 1.016) (thickness 0.2032)))
    )
    (fp_line (start 5.0038 -5.0038) (end 5.0038 5.0038) (layer F.SilkS) (width 0.3048))
    (fp_line (start 5.0038 5.0038) (end -5.0038 5.0038) (layer F.SilkS) (width 0.3048))
    (fp_line (start -5.0038 -4.5212) (end -5.0038 5.0038) (layer F.SilkS) (width 0.3048))
    (fp_line (start -4.5212 -5.0038) (end 5.0038 -5.0038) (layer F.SilkS) (width 0.3048))
    (fp_line (start -5.0038 -4.5212) (end -4.5212 -5.0038) (layer F.SilkS) (width 0.3048))
    (fp_circle (center -3.81 -3.81) (end -3.81 -3.175) (layer F.SilkS) (width 0.2032))
    (pad 39 smd rect (at 0 -5.715) (size 0.4064 1.524) (layers F.Cu F.Paste F.Mask)
      (net 4 GND))
    (pad 40 smd rect (at -0.8001 -5.715) (size 0.4064 1.524) (layers F.Cu F.Paste F.Mask))
    (pad 41 smd rect (at -1.6002 -5.715) (size 0.4064 1.524) (layers F.Cu F.Paste F.Mask))
    (pad 42 smd rect (at -2.4003 -5.715) (size 0.4064 1.524) (layers F.Cu F.Paste F.Mask))
    (pad 43 smd rect (at -3.2004 -5.715) (size 0.4064 1.524) (layers F.Cu F.Paste F.Mask))
    (pad 44 smd rect (at -4.0005 -5.715) (size 0.4064 1.524) (layers F.Cu F.Paste F.Mask)
      (net 36 "Net-(IC1-Pad44)"))
    (pad 38 smd rect (at 0.8001 -5.715) (size 0.4064 1.524) (layers F.Cu F.Paste F.Mask)
      (net 1 3V3))
    (pad 37 smd rect (at 1.6002 -5.715) (size 0.4064 1.524) (layers F.Cu F.Paste F.Mask)
      (net 55 Vmon))
    (pad 36 smd rect (at 2.4003 -5.715) (size 0.4064 1.524) (layers F.Cu F.Paste F.Mask))
    (pad 35 smd rect (at 3.2004 -5.715) (size 0.4064 1.524) (layers F.Cu F.Paste F.Mask))
    (pad 34 smd rect (at 4.0005 -5.715) (size 0.4064 1.524) (layers F.Cu F.Paste F.Mask))
    (pad 17 smd rect (at 0 5.715) (size 0.4064 1.524) (layers F.Cu F.Paste F.Mask)
      (net 1 3V3))
    (pad 16 smd rect (at -0.8001 5.715) (size 0.4064 1.524) (layers F.Cu F.Paste F.Mask))
    (pad 15 smd rect (at -1.6002 5.715) (size 0.4064 1.524) (layers F.Cu F.Paste F.Mask))
    (pad 14 smd rect (at -2.4003 5.715) (size 0.4064 1.524) (layers F.Cu F.Paste F.Mask))
    (pad 13 smd rect (at -3.2004 5.715) (size 0.4064 1.524) (layers F.Cu F.Paste F.Mask))
    (pad 12 smd rect (at -4.0005 5.715) (size 0.4064 1.524) (layers F.Cu F.Paste F.Mask))
    (pad 18 smd rect (at 0.8001 5.715) (size 0.4064 1.524) (layers F.Cu F.Paste F.Mask)
      (net 4 GND))
    (pad 19 smd rect (at 1.6002 5.715) (size 0.4064 1.524) (layers F.Cu F.Paste F.Mask)
      (net 27 "Net-(IC1-Pad19)"))
    (pad 20 smd rect (at 2.4003 5.715) (size 0.4064 1.524) (layers F.Cu F.Paste F.Mask)
      (net 29 "Net-(IC1-Pad20)"))
    (pad 21 smd rect (at 3.2004 5.715) (size 0.4064 1.524) (layers F.Cu F.Paste F.Mask))
    (pad 22 smd rect (at 4.0005 5.715) (size 0.4064 1.524) (layers F.Cu F.Paste F.Mask))
    (pad 6 smd rect (at -5.715 0) (size 1.524 0.4064) (layers F.Cu F.Paste F.Mask)
      (net 4 GND))
    (pad 28 smd rect (at 5.715 0) (size 1.524 0.4064) (layers F.Cu F.Paste F.Mask)
      (net 4 GND))
    (pad 7 smd rect (at -5.715 0.8001) (size 1.524 0.4064) (layers F.Cu F.Paste F.Mask)
      (net 10 "Net-(C2-Pad2)"))
    (pad 27 smd rect (at 5.715 0.8001) (size 1.524 0.4064) (layers F.Cu F.Paste F.Mask)
      (net 1 3V3))
    (pad 26 smd rect (at 5.715 1.6002) (size 1.524 0.4064) (layers F.Cu F.Paste F.Mask))
    (pad 8 smd rect (at -5.715 1.6002) (size 1.524 0.4064) (layers F.Cu F.Paste F.Mask)
      (net 16 "Net-(C3-Pad2)"))
    (pad 9 smd rect (at -5.715 2.4003) (size 1.524 0.4064) (layers F.Cu F.Paste F.Mask)
      (net 51 RX))
    (pad 25 smd rect (at 5.715 2.4003) (size 1.524 0.4064) (layers F.Cu F.Paste F.Mask))
    (pad 24 smd rect (at 5.715 3.2004) (size 1.524 0.4064) (layers F.Cu F.Paste F.Mask)
      (net 31 "Net-(IC1-Pad24)"))
    (pad 10 smd rect (at -5.715 3.2004) (size 1.524 0.4064) (layers F.Cu F.Paste F.Mask)
      (net 53 TX))
    (pad 11 smd rect (at -5.715 4.0005) (size 1.524 0.4064) (layers F.Cu F.Paste F.Mask))
    (pad 23 smd rect (at 5.715 4.0005) (size 1.524 0.4064) (layers F.Cu F.Paste F.Mask)
      (net 30 "Net-(IC1-Pad23)"))
    (pad 29 smd rect (at 5.715 -0.8001) (size 1.524 0.4064) (layers F.Cu F.Paste F.Mask)
      (net 14 "Net-(C26-Pad1)"))
    (pad 5 smd rect (at -5.715 -0.8001) (size 1.524 0.4064) (layers F.Cu F.Paste F.Mask)
      (net 1 3V3))
    (pad 4 smd rect (at -5.715 -1.6002) (size 1.524 0.4064) (layers F.Cu F.Paste F.Mask)
      (net 35 "Net-(IC1-Pad4)"))
    (pad 30 smd rect (at 5.715 -1.6002) (size 1.524 0.4064) (layers F.Cu F.Paste F.Mask)
      (net 33 "Net-(IC1-Pad30)"))
    (pad 31 smd rect (at 5.715 -2.4003) (size 1.524 0.4064) (layers F.Cu F.Paste F.Mask)
      (net 34 "Net-(IC1-Pad31)"))
    (pad 3 smd rect (at -5.715 -2.4003) (size 1.524 0.4064) (layers F.Cu F.Paste F.Mask)
      (net 32 "Net-(IC1-Pad3)"))
    (pad 2 smd rect (at -5.715 -3.2004) (size 1.524 0.4064) (layers F.Cu F.Paste F.Mask)
      (net 28 "Net-(IC1-Pad2)"))
    (pad 32 smd rect (at 5.715 -3.2004) (size 1.524 0.4064) (layers F.Cu F.Paste F.Mask))
    (pad 33 smd rect (at 5.715 -4.0005) (size 1.524 0.4064) (layers F.Cu F.Paste F.Mask))
    (pad 1 smd rect (at -5.715 -4.0005) (size 1.524 0.4064) (layers F.Cu F.Paste F.Mask)
      (net 26 "Net-(IC1-Pad1)"))
  )

  (module SOT23-5 (layer B.Cu) (tedit 525CD62E) (tstamp 512D254E)
    (at 143.2 113.55 90)
    (path /511039B2)
    (attr smd)
    (fp_text reference U5 (at 2.15 0 180) (layer B.SilkS)
      (effects (font (size 0.635 0.635) (thickness 0.127)) (justify mirror))
    )
    (fp_text value TPS7703X (at 0 0 90) (layer B.SilkS) hide
      (effects (font (size 0.635 0.635) (thickness 0.127)) (justify mirror))
    )
    (fp_line (start 1.524 0.889) (end 1.524 -0.889) (layer B.SilkS) (width 0.127))
    (fp_line (start 1.524 -0.889) (end -1.524 -0.889) (layer B.SilkS) (width 0.127))
    (fp_line (start -1.524 -0.889) (end -1.524 0.889) (layer B.SilkS) (width 0.127))
    (fp_line (start -1.524 0.889) (end 1.524 0.889) (layer B.SilkS) (width 0.127))
    (pad 1 smd rect (at -0.9525 -1.27 90) (size 0.508 0.762) (layers B.Cu B.Paste B.Mask)
      (net 15 "Net-(C29-Pad1)"))
    (pad 3 smd rect (at 0.9525 -1.27 90) (size 0.508 0.762) (layers B.Cu B.Paste B.Mask)
      (net 4 GND))
    (pad 5 smd rect (at -0.9525 1.27 90) (size 0.508 0.762) (layers B.Cu B.Paste B.Mask)
      (net 40 "Net-(R11-Pad1)"))
    (pad 2 smd rect (at 0 -1.27 90) (size 0.508 0.762) (layers B.Cu B.Paste B.Mask)
      (net 4 GND))
    (pad 4 smd rect (at 0.9525 1.27 90) (size 0.508 0.762) (layers B.Cu B.Paste B.Mask))
    (model smd/SOT23_5.wrl
      (at (xyz 0 0 0))
      (scale (xyz 0.1 0.1 0.1))
      (rotate (xyz 0 0 0))
    )
  )

  (module SOT23-5 (layer B.Cu) (tedit 5184216D) (tstamp 513E4D6A)
    (at 120.25 113.6)
    (path /510FF710)
    (attr smd)
    (fp_text reference U1 (at -0.0445 2.2875) (layer B.SilkS)
      (effects (font (size 0.635 0.635) (thickness 0.127)) (justify mirror))
    )
    (fp_text value LT1615-1 (at -0.55 3) (layer B.SilkS) hide
      (effects (font (size 0.3 0.3) (thickness 0.075)) (justify mirror))
    )
    (fp_line (start 1.524 0.889) (end 1.524 -0.889) (layer B.SilkS) (width 0.127))
    (fp_line (start 1.524 -0.889) (end -1.524 -0.889) (layer B.SilkS) (width 0.127))
    (fp_line (start -1.524 -0.889) (end -1.524 0.889) (layer B.SilkS) (width 0.127))
    (fp_line (start -1.524 0.889) (end 1.524 0.889) (layer B.SilkS) (width 0.127))
    (pad 1 smd rect (at -0.9525 -1.27) (size 0.508 0.762) (layers B.Cu B.Paste B.Mask)
      (net 17 "Net-(C6-Pad1)"))
    (pad 3 smd rect (at 0.9525 -1.27) (size 0.508 0.762) (layers B.Cu B.Paste B.Mask)
      (net 19 "Net-(C7-Pad2)"))
    (pad 5 smd rect (at -0.9525 1.27) (size 0.508 0.762) (layers B.Cu B.Paste B.Mask)
      (net 54 Vcap))
    (pad 2 smd rect (at 0 -1.27) (size 0.508 0.762) (layers B.Cu B.Paste B.Mask)
      (net 4 GND))
    (pad 4 smd rect (at 0.9525 1.27) (size 0.508 0.762) (layers B.Cu B.Paste B.Mask)
      (net 54 Vcap))
    (model smd/SOT23_5.wrl
      (at (xyz 0 0 0))
      (scale (xyz 0.1 0.1 0.1))
      (rotate (xyz 0 0 0))
    )
  )

  (module SOT23-5 (layer F.Cu) (tedit 518423B2) (tstamp 512D2568)
    (at 108 113.1 270)
    (path /51105241/5123F414)
    (attr smd)
    (fp_text reference U10 (at 2.089 0.05 360) (layer F.SilkS)
      (effects (font (size 0.635 0.635) (thickness 0.127)))
    )
    (fp_text value SN74AUP1G00 (at 0 0 270) (layer F.SilkS) hide
      (effects (font (size 0.635 0.635) (thickness 0.127)))
    )
    (fp_line (start 1.524 -0.889) (end 1.524 0.889) (layer F.SilkS) (width 0.127))
    (fp_line (start 1.524 0.889) (end -1.524 0.889) (layer F.SilkS) (width 0.127))
    (fp_line (start -1.524 0.889) (end -1.524 -0.889) (layer F.SilkS) (width 0.127))
    (fp_line (start -1.524 -0.889) (end 1.524 -0.889) (layer F.SilkS) (width 0.127))
    (pad 1 smd rect (at -0.9525 1.27 270) (size 0.508 0.762) (layers F.Cu F.Paste F.Mask)
      (net 20 "Net-(D10-Pad1)"))
    (pad 3 smd rect (at 0.9525 1.27 270) (size 0.508 0.762) (layers F.Cu F.Paste F.Mask)
      (net 4 GND))
    (pad 5 smd rect (at -0.9525 -1.27 270) (size 0.508 0.762) (layers F.Cu F.Paste F.Mask)
      (net 1 3V3))
    (pad 2 smd rect (at 0 1.27 270) (size 0.508 0.762) (layers F.Cu F.Paste F.Mask)
      (net 46 "Net-(U10-Pad2)"))
    (pad 4 smd rect (at 0.9525 -1.27 270) (size 0.508 0.762) (layers F.Cu F.Paste F.Mask)
      (net 52 Reset))
    (model smd/SOT23_5.wrl
      (at (xyz 0 0 0))
      (scale (xyz 0.1 0.1 0.1))
      (rotate (xyz 0 0 0))
    )
  )

  (module SM2010 (layer B.Cu) (tedit 5148DA28) (tstamp 513E57EC)
    (at 117.75 106.85)
    (tags "CMS SM")
    (path /51100D4F)
    (attr smd)
    (fp_text reference L2 (at -1.9895 -2.2655) (layer B.SilkS)
      (effects (font (size 0.70104 0.70104) (thickness 0.127)) (justify mirror))
    )
    (fp_text value 10u (at 0.8001 0 90) (layer B.SilkS) hide
      (effects (font (size 0.70104 0.70104) (thickness 0.127)) (justify mirror))
    )
    (fp_line (start 3.50012 1.6002) (end 3.50012 -1.6002) (layer B.SilkS) (width 0.11938))
    (fp_line (start -3.50012 1.6002) (end -3.50012 -1.6002) (layer B.SilkS) (width 0.11938))
    (fp_text user + (at -4.30022 -1.80086) (layer B.SilkS) hide
      (effects (font (thickness 0.29972)) (justify mirror))
    )
    (fp_line (start 1.19634 -1.60528) (end 3.48234 -1.60528) (layer B.SilkS) (width 0.11938))
    (fp_line (start 3.48234 1.60528) (end 1.19634 1.60528) (layer B.SilkS) (width 0.11938))
    (fp_line (start -1.19888 1.60528) (end -3.48488 1.60528) (layer B.SilkS) (width 0.11938))
    (fp_line (start -3.48488 -1.60528) (end -1.19888 -1.60528) (layer B.SilkS) (width 0.11938))
    (pad 1 smd rect (at -2.4003 0) (size 1.80086 2.70002) (layers B.Cu B.Paste B.Mask)
      (net 18 "Net-(C6-Pad2)"))
    (pad 2 smd rect (at 2.4003 0) (size 1.80086 2.70002) (layers B.Cu B.Paste B.Mask)
      (net 4 GND))
    (model smd\chip_smd_pol_wide.wrl
      (at (xyz 0 0 0))
      (scale (xyz 0.35 0.35 0.35))
      (rotate (xyz 0 0 0))
    )
  )

  (module SM2010 (layer B.Cu) (tedit 515116C4) (tstamp 5151137F)
    (at 114.4905 114.7445 180)
    (tags "CMS SM")
    (path /510FF8D2)
    (attr smd)
    (fp_text reference L1 (at -0.3175 2.159 180) (layer B.SilkS)
      (effects (font (size 0.70104 0.70104) (thickness 0.127)) (justify mirror))
    )
    (fp_text value 10u (at 0.1 0.05 270) (layer B.SilkS) hide
      (effects (font (size 0.70104 0.70104) (thickness 0.127)) (justify mirror))
    )
    (fp_line (start 3.50012 1.6002) (end 3.50012 -1.6002) (layer B.SilkS) (width 0.11938))
    (fp_line (start -3.50012 1.6002) (end -3.50012 -1.6002) (layer B.SilkS) (width 0.11938))
    (fp_text user + (at -0.7 -0.95 180) (layer B.SilkS) hide
      (effects (font (thickness 0.29972)) (justify mirror))
    )
    (fp_line (start 1.19634 -1.60528) (end 3.48234 -1.60528) (layer B.SilkS) (width 0.11938))
    (fp_line (start 3.48234 1.60528) (end 1.19634 1.60528) (layer B.SilkS) (width 0.11938))
    (fp_line (start -1.19888 1.60528) (end -3.48488 1.60528) (layer B.SilkS) (width 0.11938))
    (fp_line (start -3.48488 -1.60528) (end -1.19888 -1.60528) (layer B.SilkS) (width 0.11938))
    (pad 1 smd rect (at -2.4003 0 180) (size 1.80086 2.70002) (layers B.Cu B.Paste B.Mask)
      (net 54 Vcap))
    (pad 2 smd rect (at 2.4003 0 180) (size 1.80086 2.70002) (layers B.Cu B.Paste B.Mask)
      (net 17 "Net-(C6-Pad1)"))
    (model smd\chip_smd_pol_wide.wrl
      (at (xyz 0 0 0))
      (scale (xyz 0.35 0.35 0.35))
      (rotate (xyz 0 0 0))
    )
  )

  (module SM0805 (layer B.Cu) (tedit 513E4E99) (tstamp 512D25D6)
    (at 107 100.1)
    (path /51105241/5123B968)
    (attr smd)
    (fp_text reference D7 (at 0 1.4) (layer B.SilkS)
      (effects (font (size 0.50038 0.50038) (thickness 0.10922)) (justify mirror))
    )
    (fp_text value PHOTODIODE (at 0 -1.2) (layer B.SilkS) hide
      (effects (font (size 0.50038 0.50038) (thickness 0.10922)) (justify mirror))
    )
    (fp_circle (center -1.651 -0.762) (end -1.651 -0.635) (layer B.SilkS) (width 0.09906))
    (fp_line (start -0.508 -0.762) (end -1.524 -0.762) (layer B.SilkS) (width 0.09906))
    (fp_line (start -1.524 -0.762) (end -1.524 0.762) (layer B.SilkS) (width 0.09906))
    (fp_line (start -1.524 0.762) (end -0.508 0.762) (layer B.SilkS) (width 0.09906))
    (fp_line (start 0.508 0.762) (end 1.524 0.762) (layer B.SilkS) (width 0.09906))
    (fp_line (start 1.524 0.762) (end 1.524 -0.762) (layer B.SilkS) (width 0.09906))
    (fp_line (start 1.524 -0.762) (end 0.508 -0.762) (layer B.SilkS) (width 0.09906))
    (pad 1 smd rect (at -0.9525 0) (size 0.889 1.397) (layers B.Cu B.Paste B.Mask)
      (net 4 GND))
    (pad 2 smd rect (at 0.9525 0) (size 0.889 1.397) (layers B.Cu B.Paste B.Mask)
      (net 23 "Net-(D7-Pad2)"))
    (model smd/chip_cms.wrl
      (at (xyz 0 0 0))
      (scale (xyz 0.1 0.1 0.1))
      (rotate (xyz 0 0 0))
    )
  )

  (module SM0805 (layer B.Cu) (tedit 513E4E93) (tstamp 512D25E3)
    (at 107 110.1)
    (path /51105241/5123B3C5)
    (attr smd)
    (fp_text reference D9 (at 0 1.4) (layer B.SilkS)
      (effects (font (size 0.50038 0.50038) (thickness 0.10922)) (justify mirror))
    )
    (fp_text value PHOTODIODE (at 0 -0.381) (layer B.SilkS) hide
      (effects (font (size 0.50038 0.50038) (thickness 0.10922)) (justify mirror))
    )
    (fp_circle (center -1.651 -0.762) (end -1.651 -0.635) (layer B.SilkS) (width 0.09906))
    (fp_line (start -0.508 -0.762) (end -1.524 -0.762) (layer B.SilkS) (width 0.09906))
    (fp_line (start -1.524 -0.762) (end -1.524 0.762) (layer B.SilkS) (width 0.09906))
    (fp_line (start -1.524 0.762) (end -0.508 0.762) (layer B.SilkS) (width 0.09906))
    (fp_line (start 0.508 0.762) (end 1.524 0.762) (layer B.SilkS) (width 0.09906))
    (fp_line (start 1.524 0.762) (end 1.524 -0.762) (layer B.SilkS) (width 0.09906))
    (fp_line (start 1.524 -0.762) (end 0.508 -0.762) (layer B.SilkS) (width 0.09906))
    (pad 1 smd rect (at -0.9525 0) (size 0.889 1.397) (layers B.Cu B.Paste B.Mask)
      (net 4 GND))
    (pad 2 smd rect (at 0.9525 0) (size 0.889 1.397) (layers B.Cu B.Paste B.Mask)
      (net 25 "Net-(D9-Pad2)"))
    (model smd/chip_cms.wrl
      (at (xyz 0 0 0))
      (scale (xyz 0.1 0.1 0.1))
      (rotate (xyz 0 0 0))
    )
  )

  (module SM0603_Capa (layer F.Cu) (tedit 518423E1) (tstamp 51887419)
    (at 150.6728 109.9312 180)
    (path /512BC428)
    (attr smd)
    (fp_text reference C8 (at 0.013 -1.152 180) (layer F.SilkS)
      (effects (font (size 0.508 0.4572) (thickness 0.1143)))
    )
    (fp_text value .1u (at -1.651 0 270) (layer F.SilkS) hide
      (effects (font (size 0.508 0.4572) (thickness 0.1143)))
    )
    (fp_line (start 0.50038 0.65024) (end 1.19888 0.65024) (layer F.SilkS) (width 0.11938))
    (fp_line (start -0.50038 0.65024) (end -1.19888 0.65024) (layer F.SilkS) (width 0.11938))
    (fp_line (start 0.50038 -0.65024) (end 1.19888 -0.65024) (layer F.SilkS) (width 0.11938))
    (fp_line (start -1.19888 -0.65024) (end -0.50038 -0.65024) (layer F.SilkS) (width 0.11938))
    (fp_line (start 1.19888 -0.635) (end 1.19888 0.635) (layer F.SilkS) (width 0.11938))
    (fp_line (start -1.19888 0.635) (end -1.19888 -0.635) (layer F.SilkS) (width 0.11938))
    (pad 1 smd rect (at -0.762 0 180) (size 0.635 1.143) (layers F.Cu F.Paste F.Mask)
      (net 2 3V3_Analog))
    (pad 2 smd rect (at 0.762 0 180) (size 0.635 1.143) (layers F.Cu F.Paste F.Mask)
      (net 4 GND))
    (model smd\capacitors\C0603.wrl
      (at (xyz 0 0 0.001))
      (scale (xyz 0.5 0.5 0.5))
      (rotate (xyz 0 0 0))
    )
  )

  (module SM0603_Capa (layer B.Cu) (tedit 525CD6C0) (tstamp 517DCAC6)
    (at 144.9324 97.7392 90)
    (path /51105241/5122FBF3)
    (attr smd)
    (fp_text reference C17 (at -0.05 -1.2 90) (layer B.SilkS)
      (effects (font (size 0.508 0.4572) (thickness 0.1143)) (justify mirror))
    )
    (fp_text value .47u (at 0 0 180) (layer B.SilkS) hide
      (effects (font (size 0.508 0.4572) (thickness 0.1143)) (justify mirror))
    )
    (fp_line (start 0.50038 -0.65024) (end 1.19888 -0.65024) (layer B.SilkS) (width 0.11938))
    (fp_line (start -0.50038 -0.65024) (end -1.19888 -0.65024) (layer B.SilkS) (width 0.11938))
    (fp_line (start 0.50038 0.65024) (end 1.19888 0.65024) (layer B.SilkS) (width 0.11938))
    (fp_line (start -1.19888 0.65024) (end -0.50038 0.65024) (layer B.SilkS) (width 0.11938))
    (fp_line (start 1.19888 0.635) (end 1.19888 -0.635) (layer B.SilkS) (width 0.11938))
    (fp_line (start -1.19888 -0.635) (end -1.19888 0.635) (layer B.SilkS) (width 0.11938))
    (pad 1 smd rect (at -0.762 0 90) (size 0.635 1.143) (layers B.Cu B.Paste B.Mask)
      (net 8 "Net-(C17-Pad1)"))
    (pad 2 smd rect (at 0.762 0 90) (size 0.635 1.143) (layers B.Cu B.Paste B.Mask)
      (net 9 "Net-(C17-Pad2)"))
    (model smd\capacitors\C0603.wrl
      (at (xyz 0 0 0.001))
      (scale (xyz 0.5 0.5 0.5))
      (rotate (xyz 0 0 0))
    )
  )

  (module SM0603_Capa (layer B.Cu) (tedit 525CD66E) (tstamp 512D2639)
    (at 143.1544 106.1212 90)
    (path /51105241/5122FB5B)
    (attr smd)
    (fp_text reference C16 (at -1.8788 -0.0544 180) (layer B.SilkS)
      (effects (font (size 0.508 0.4572) (thickness 0.1143)) (justify mirror))
    )
    (fp_text value 10n (at 0 0 180) (layer B.SilkS) hide
      (effects (font (size 0.508 0.4572) (thickness 0.1143)) (justify mirror))
    )
    (fp_line (start 0.50038 -0.65024) (end 1.19888 -0.65024) (layer B.SilkS) (width 0.11938))
    (fp_line (start -0.50038 -0.65024) (end -1.19888 -0.65024) (layer B.SilkS) (width 0.11938))
    (fp_line (start 0.50038 0.65024) (end 1.19888 0.65024) (layer B.SilkS) (width 0.11938))
    (fp_line (start -1.19888 0.65024) (end -0.50038 0.65024) (layer B.SilkS) (width 0.11938))
    (fp_line (start 1.19888 0.635) (end 1.19888 -0.635) (layer B.SilkS) (width 0.11938))
    (fp_line (start -1.19888 -0.635) (end -1.19888 0.635) (layer B.SilkS) (width 0.11938))
    (pad 1 smd rect (at -0.762 0 90) (size 0.635 1.143) (layers B.Cu B.Paste B.Mask)
      (net 7 "Net-(C16-Pad1)"))
    (pad 2 smd rect (at 0.762 0 90) (size 0.635 1.143) (layers B.Cu B.Paste B.Mask)
      (net 4 GND))
    (model smd\capacitors\C0603.wrl
      (at (xyz 0 0 0.001))
      (scale (xyz 0.5 0.5 0.5))
      (rotate (xyz 0 0 0))
    )
  )

  (module SM0603_Capa (layer F.Cu) (tedit 5148D789) (tstamp 52542F2D)
    (at 129.15 94.3 90)
    (path /511048A1)
    (attr smd)
    (fp_text reference C10 (at -1.5485 0.0155 180) (layer F.SilkS)
      (effects (font (size 0.508 0.4572) (thickness 0.1143)))
    )
    (fp_text value 1u (at -1.651 0 180) (layer F.SilkS) hide
      (effects (font (size 0.508 0.4572) (thickness 0.1143)))
    )
    (fp_line (start 0.50038 0.65024) (end 1.19888 0.65024) (layer F.SilkS) (width 0.11938))
    (fp_line (start -0.50038 0.65024) (end -1.19888 0.65024) (layer F.SilkS) (width 0.11938))
    (fp_line (start 0.50038 -0.65024) (end 1.19888 -0.65024) (layer F.SilkS) (width 0.11938))
    (fp_line (start -1.19888 -0.65024) (end -0.50038 -0.65024) (layer F.SilkS) (width 0.11938))
    (fp_line (start 1.19888 -0.635) (end 1.19888 0.635) (layer F.SilkS) (width 0.11938))
    (fp_line (start -1.19888 0.635) (end -1.19888 -0.635) (layer F.SilkS) (width 0.11938))
    (pad 1 smd rect (at -0.762 0 90) (size 0.635 1.143) (layers F.Cu F.Paste F.Mask)
      (net 1 3V3))
    (pad 2 smd rect (at 0.762 0 90) (size 0.635 1.143) (layers F.Cu F.Paste F.Mask)
      (net 4 GND))
    (model smd\capacitors\C0603.wrl
      (at (xyz 0 0 0.001))
      (scale (xyz 0.5 0.5 0.5))
      (rotate (xyz 0 0 0))
    )
  )

  (module SM0603_Capa (layer F.Cu) (tedit 5148D6D0) (tstamp 512D2669)
    (at 125.9332 113.0808 180)
    (path /51095440)
    (attr smd)
    (fp_text reference C3 (at -0.0155 -1.105 180) (layer F.SilkS)
      (effects (font (size 0.508 0.4572) (thickness 0.1143)))
    )
    (fp_text value 22pf (at -1.651 0 270) (layer F.SilkS) hide
      (effects (font (size 0.508 0.4572) (thickness 0.1143)))
    )
    (fp_line (start 0.50038 0.65024) (end 1.19888 0.65024) (layer F.SilkS) (width 0.11938))
    (fp_line (start -0.50038 0.65024) (end -1.19888 0.65024) (layer F.SilkS) (width 0.11938))
    (fp_line (start 0.50038 -0.65024) (end 1.19888 -0.65024) (layer F.SilkS) (width 0.11938))
    (fp_line (start -1.19888 -0.65024) (end -0.50038 -0.65024) (layer F.SilkS) (width 0.11938))
    (fp_line (start 1.19888 -0.635) (end 1.19888 0.635) (layer F.SilkS) (width 0.11938))
    (fp_line (start -1.19888 0.635) (end -1.19888 -0.635) (layer F.SilkS) (width 0.11938))
    (pad 1 smd rect (at -0.762 0 180) (size 0.635 1.143) (layers F.Cu F.Paste F.Mask)
      (net 4 GND))
    (pad 2 smd rect (at 0.762 0 180) (size 0.635 1.143) (layers F.Cu F.Paste F.Mask)
      (net 16 "Net-(C3-Pad2)"))
    (model smd\capacitors\C0603.wrl
      (at (xyz 0 0 0.001))
      (scale (xyz 0.5 0.5 0.5))
      (rotate (xyz 0 0 0))
    )
  )

  (module SM0603_Capa (layer F.Cu) (tedit 5148D6C6) (tstamp 512D2675)
    (at 122.809 107.6325 270)
    (path /5109544F)
    (attr smd)
    (fp_text reference C2 (at -0.049 1.1685 270) (layer F.SilkS)
      (effects (font (size 0.508 0.4572) (thickness 0.1143)))
    )
    (fp_text value 22pf (at -1.6365 -0.038 360) (layer F.SilkS) hide
      (effects (font (size 0.508 0.4572) (thickness 0.1143)))
    )
    (fp_line (start 0.50038 0.65024) (end 1.19888 0.65024) (layer F.SilkS) (width 0.11938))
    (fp_line (start -0.50038 0.65024) (end -1.19888 0.65024) (layer F.SilkS) (width 0.11938))
    (fp_line (start 0.50038 -0.65024) (end 1.19888 -0.65024) (layer F.SilkS) (width 0.11938))
    (fp_line (start -1.19888 -0.65024) (end -0.50038 -0.65024) (layer F.SilkS) (width 0.11938))
    (fp_line (start 1.19888 -0.635) (end 1.19888 0.635) (layer F.SilkS) (width 0.11938))
    (fp_line (start -1.19888 0.635) (end -1.19888 -0.635) (layer F.SilkS) (width 0.11938))
    (pad 1 smd rect (at -0.762 0 270) (size 0.635 1.143) (layers F.Cu F.Paste F.Mask)
      (net 4 GND))
    (pad 2 smd rect (at 0.762 0 270) (size 0.635 1.143) (layers F.Cu F.Paste F.Mask)
      (net 10 "Net-(C2-Pad2)"))
    (model smd\capacitors\C0603.wrl
      (at (xyz 0 0 0.001))
      (scale (xyz 0.5 0.5 0.5))
      (rotate (xyz 0 0 0))
    )
  )

  (module SM0603_Capa (layer F.Cu) (tedit 5277113D) (tstamp 512DEABA)
    (at 143 106.1 270)
    (path /51099B8D)
    (attr smd)
    (fp_text reference C4 (at 0.0085 -1.145 360) (layer F.SilkS)
      (effects (font (size 0.508 0.4572) (thickness 0.1143)))
    )
    (fp_text value 1uF (at -1.651 0 360) (layer F.SilkS) hide
      (effects (font (size 0.508 0.4572) (thickness 0.1143)))
    )
    (fp_line (start 0.50038 0.65024) (end 1.19888 0.65024) (layer F.SilkS) (width 0.11938))
    (fp_line (start -0.50038 0.65024) (end -1.19888 0.65024) (layer F.SilkS) (width 0.11938))
    (fp_line (start 0.50038 -0.65024) (end 1.19888 -0.65024) (layer F.SilkS) (width 0.11938))
    (fp_line (start -1.19888 -0.65024) (end -0.50038 -0.65024) (layer F.SilkS) (width 0.11938))
    (fp_line (start 1.19888 -0.635) (end 1.19888 0.635) (layer F.SilkS) (width 0.11938))
    (fp_line (start -1.19888 0.635) (end -1.19888 -0.635) (layer F.SilkS) (width 0.11938))
    (pad 1 smd rect (at -0.762 0 270) (size 0.635 1.143) (layers F.Cu F.Paste F.Mask)
      (net 4 GND))
    (pad 2 smd rect (at 0.762 0 270) (size 0.635 1.143) (layers F.Cu F.Paste F.Mask)
      (net 1 3V3))
    (model smd\capacitors\C0603.wrl
      (at (xyz 0 0 0.001))
      (scale (xyz 0.5 0.5 0.5))
      (rotate (xyz 0 0 0))
    )
  )

  (module SM0603_Capa (layer F.Cu) (tedit 5148D81B) (tstamp 512D2699)
    (at 111 100.1 180)
    (path /51105241/5123FF82)
    (attr smd)
    (fp_text reference C19 (at 0.002 1.167 180) (layer F.SilkS)
      (effects (font (size 0.508 0.4572) (thickness 0.1143)))
    )
    (fp_text value .1u (at -1.651 0 270) (layer F.SilkS) hide
      (effects (font (size 0.508 0.4572) (thickness 0.1143)))
    )
    (fp_line (start 0.50038 0.65024) (end 1.19888 0.65024) (layer F.SilkS) (width 0.11938))
    (fp_line (start -0.50038 0.65024) (end -1.19888 0.65024) (layer F.SilkS) (width 0.11938))
    (fp_line (start 0.50038 -0.65024) (end 1.19888 -0.65024) (layer F.SilkS) (width 0.11938))
    (fp_line (start -1.19888 -0.65024) (end -0.50038 -0.65024) (layer F.SilkS) (width 0.11938))
    (fp_line (start 1.19888 -0.635) (end 1.19888 0.635) (layer F.SilkS) (width 0.11938))
    (fp_line (start -1.19888 0.635) (end -1.19888 -0.635) (layer F.SilkS) (width 0.11938))
    (pad 1 smd rect (at -0.762 0 180) (size 0.635 1.143) (layers F.Cu F.Paste F.Mask)
      (net 4 GND))
    (pad 2 smd rect (at 0.762 0 180) (size 0.635 1.143) (layers F.Cu F.Paste F.Mask)
      (net 1 3V3))
    (model smd\capacitors\C0603.wrl
      (at (xyz 0 0 0.001))
      (scale (xyz 0.5 0.5 0.5))
      (rotate (xyz 0 0 0))
    )
  )

  (module SM0603_Capa (layer B.Cu) (tedit 525CD75D) (tstamp 5224CC68)
    (at 117.983 110.49 270)
    (path /511002E1)
    (attr smd)
    (fp_text reference C7 (at 1.91 -0.017 360) (layer B.SilkS)
      (effects (font (size 0.508 0.4572) (thickness 0.1143)) (justify mirror))
    )
    (fp_text value 4.7pF (at -0.05 0 360) (layer B.SilkS) hide
      (effects (font (size 0.508 0.4572) (thickness 0.1143)) (justify mirror))
    )
    (fp_line (start 0.50038 -0.65024) (end 1.19888 -0.65024) (layer B.SilkS) (width 0.11938))
    (fp_line (start -0.50038 -0.65024) (end -1.19888 -0.65024) (layer B.SilkS) (width 0.11938))
    (fp_line (start 0.50038 0.65024) (end 1.19888 0.65024) (layer B.SilkS) (width 0.11938))
    (fp_line (start -1.19888 0.65024) (end -0.50038 0.65024) (layer B.SilkS) (width 0.11938))
    (fp_line (start 1.19888 0.635) (end 1.19888 -0.635) (layer B.SilkS) (width 0.11938))
    (fp_line (start -1.19888 -0.635) (end -1.19888 0.635) (layer B.SilkS) (width 0.11938))
    (pad 1 smd rect (at -0.762 0 270) (size 0.635 1.143) (layers B.Cu B.Paste B.Mask)
      (net 1 3V3))
    (pad 2 smd rect (at 0.762 0 270) (size 0.635 1.143) (layers B.Cu B.Paste B.Mask)
      (net 19 "Net-(C7-Pad2)"))
    (model smd\capacitors\C0603.wrl
      (at (xyz 0 0 0.001))
      (scale (xyz 0.5 0.5 0.5))
      (rotate (xyz 0 0 0))
    )
  )

  (module SM0603_Capa (layer B.Cu) (tedit 515116C8) (tstamp 515113BB)
    (at 112.014 110.8075 90)
    (path /51100A6F)
    (attr smd)
    (fp_text reference C6 (at 1.778 0 360) (layer B.SilkS)
      (effects (font (size 0.508 0.4572) (thickness 0.1143)) (justify mirror))
    )
    (fp_text value 1u (at 0 -0.1 180) (layer B.SilkS) hide
      (effects (font (size 0.508 0.4572) (thickness 0.1143)) (justify mirror))
    )
    (fp_line (start 0.50038 -0.65024) (end 1.19888 -0.65024) (layer B.SilkS) (width 0.11938))
    (fp_line (start -0.50038 -0.65024) (end -1.19888 -0.65024) (layer B.SilkS) (width 0.11938))
    (fp_line (start 0.50038 0.65024) (end 1.19888 0.65024) (layer B.SilkS) (width 0.11938))
    (fp_line (start -1.19888 0.65024) (end -0.50038 0.65024) (layer B.SilkS) (width 0.11938))
    (fp_line (start 1.19888 0.635) (end 1.19888 -0.635) (layer B.SilkS) (width 0.11938))
    (fp_line (start -1.19888 -0.635) (end -1.19888 0.635) (layer B.SilkS) (width 0.11938))
    (pad 1 smd rect (at -0.762 0 90) (size 0.635 1.143) (layers B.Cu B.Paste B.Mask)
      (net 17 "Net-(C6-Pad1)"))
    (pad 2 smd rect (at 0.762 0 90) (size 0.635 1.143) (layers B.Cu B.Paste B.Mask)
      (net 18 "Net-(C6-Pad2)"))
    (model smd\capacitors\C0603.wrl
      (at (xyz 0 0 0.001))
      (scale (xyz 0.5 0.5 0.5))
      (rotate (xyz 0 0 0))
    )
  )

  (module SM0603 (layer F.Cu) (tedit 5148D7B9) (tstamp 512D26DD)
    (at 117 102.1 180)
    (path /51105241/5123B96E)
    (attr smd)
    (fp_text reference R27 (at 0.6045 1.1985 180) (layer F.SilkS)
      (effects (font (size 0.508 0.4572) (thickness 0.1143)))
    )
    (fp_text value 200k (at 0 0 180) (layer F.SilkS) hide
      (effects (font (size 0.508 0.4572) (thickness 0.1143)))
    )
    (fp_line (start -1.143 -0.635) (end 1.143 -0.635) (layer F.SilkS) (width 0.127))
    (fp_line (start 1.143 -0.635) (end 1.143 0.635) (layer F.SilkS) (width 0.127))
    (fp_line (start 1.143 0.635) (end -1.143 0.635) (layer F.SilkS) (width 0.127))
    (fp_line (start -1.143 0.635) (end -1.143 -0.635) (layer F.SilkS) (width 0.127))
    (pad 1 smd rect (at -0.762 0 180) (size 0.635 1.143) (layers F.Cu F.Paste F.Mask)
      (net 1 3V3))
    (pad 2 smd rect (at 0.762 0 180) (size 0.635 1.143) (layers F.Cu F.Paste F.Mask)
      (net 23 "Net-(D7-Pad2)"))
    (model smd\resistors\R0603.wrl
      (at (xyz 0 0 0.001))
      (scale (xyz 0.5 0.5 0.5))
      (rotate (xyz 0 0 0))
    )
  )

  (module SM0603 (layer F.Cu) (tedit 5148D823) (tstamp 512D26E7)
    (at 108 110.1 180)
    (path /51105241/5123FE97)
    (attr smd)
    (fp_text reference C21 (at 0.431 1.0705 180) (layer F.SilkS)
      (effects (font (size 0.508 0.4572) (thickness 0.1143)))
    )
    (fp_text value .1u (at 0 0 180) (layer F.SilkS) hide
      (effects (font (size 0.508 0.4572) (thickness 0.1143)))
    )
    (fp_line (start -1.143 -0.635) (end 1.143 -0.635) (layer F.SilkS) (width 0.127))
    (fp_line (start 1.143 -0.635) (end 1.143 0.635) (layer F.SilkS) (width 0.127))
    (fp_line (start 1.143 0.635) (end -1.143 0.635) (layer F.SilkS) (width 0.127))
    (fp_line (start -1.143 0.635) (end -1.143 -0.635) (layer F.SilkS) (width 0.127))
    (pad 1 smd rect (at -0.762 0 180) (size 0.635 1.143) (layers F.Cu F.Paste F.Mask)
      (net 1 3V3))
    (pad 2 smd rect (at 0.762 0 180) (size 0.635 1.143) (layers F.Cu F.Paste F.Mask)
      (net 4 GND))
    (model smd\resistors\R0603.wrl
      (at (xyz 0 0 0.001))
      (scale (xyz 0.5 0.5 0.5))
      (rotate (xyz 0 0 0))
    )
  )

  (module SM0603 (layer F.Cu) (tedit 5224CE48) (tstamp 512D270F)
    (at 106.553 106.045)
    (path /51105241/525487CC)
    (attr smd)
    (fp_text reference R19 (at 0.635 1.143) (layer F.SilkS)
      (effects (font (size 0.508 0.4572) (thickness 0.1143)))
    )
    (fp_text value 100k (at 0 0) (layer F.SilkS) hide
      (effects (font (size 0.508 0.4572) (thickness 0.1143)))
    )
    (fp_line (start -1.143 -0.635) (end 1.143 -0.635) (layer F.SilkS) (width 0.127))
    (fp_line (start 1.143 -0.635) (end 1.143 0.635) (layer F.SilkS) (width 0.127))
    (fp_line (start 1.143 0.635) (end -1.143 0.635) (layer F.SilkS) (width 0.127))
    (fp_line (start -1.143 0.635) (end -1.143 -0.635) (layer F.SilkS) (width 0.127))
    (pad 1 smd rect (at -0.762 0) (size 0.635 1.143) (layers F.Cu F.Paste F.Mask)
      (net 5 "Net-(C1-Pad1)"))
    (pad 2 smd rect (at 0.762 0) (size 0.635 1.143) (layers F.Cu F.Paste F.Mask)
      (net 20 "Net-(D10-Pad1)"))
    (model smd\resistors\R0603.wrl
      (at (xyz 0 0 0.001))
      (scale (xyz 0.5 0.5 0.5))
      (rotate (xyz 0 0 0))
    )
  )

  (module SM0603 (layer B.Cu) (tedit 525CD654) (tstamp 512D2719)
    (at 141.0716 105.5624)
    (path /51105241/5122FC8E)
    (attr smd)
    (fp_text reference R26 (at -1.9716 -0.2624) (layer B.SilkS)
      (effects (font (size 0.508 0.4572) (thickness 0.1143)) (justify mirror))
    )
    (fp_text value 107k (at 0 0) (layer B.SilkS) hide
      (effects (font (size 0.508 0.4572) (thickness 0.1143)) (justify mirror))
    )
    (fp_line (start -1.143 0.635) (end 1.143 0.635) (layer B.SilkS) (width 0.127))
    (fp_line (start 1.143 0.635) (end 1.143 -0.635) (layer B.SilkS) (width 0.127))
    (fp_line (start 1.143 -0.635) (end -1.143 -0.635) (layer B.SilkS) (width 0.127))
    (fp_line (start -1.143 -0.635) (end -1.143 0.635) (layer B.SilkS) (width 0.127))
    (pad 1 smd rect (at -0.762 0) (size 0.635 1.143) (layers B.Cu B.Paste B.Mask)
      (net 55 Vmon))
    (pad 2 smd rect (at 0.762 0) (size 0.635 1.143) (layers B.Cu B.Paste B.Mask)
      (net 4 GND))
    (model smd\resistors\R0603.wrl
      (at (xyz 0 0 0.001))
      (scale (xyz 0.5 0.5 0.5))
      (rotate (xyz 0 0 0))
    )
  )

  (module SM0603 (layer B.Cu) (tedit 513E4E16) (tstamp 512D2723)
    (at 140.3096 108.1024 90)
    (path /51105241/5122FC75)
    (attr smd)
    (fp_text reference R25 (at -1.8 0 180) (layer B.SilkS)
      (effects (font (size 0.508 0.4572) (thickness 0.1143)) (justify mirror))
    )
    (fp_text value 316k (at 0 0 90) (layer B.SilkS) hide
      (effects (font (size 0.508 0.4572) (thickness 0.1143)) (justify mirror))
    )
    (fp_line (start -1.143 0.635) (end 1.143 0.635) (layer B.SilkS) (width 0.127))
    (fp_line (start 1.143 0.635) (end 1.143 -0.635) (layer B.SilkS) (width 0.127))
    (fp_line (start 1.143 -0.635) (end -1.143 -0.635) (layer B.SilkS) (width 0.127))
    (fp_line (start -1.143 -0.635) (end -1.143 0.635) (layer B.SilkS) (width 0.127))
    (pad 1 smd rect (at -0.762 0 90) (size 0.635 1.143) (layers B.Cu B.Paste B.Mask)
      (net 54 Vcap))
    (pad 2 smd rect (at 0.762 0 90) (size 0.635 1.143) (layers B.Cu B.Paste B.Mask)
      (net 55 Vmon))
    (model smd\resistors\R0603.wrl
      (at (xyz 0 0 0.001))
      (scale (xyz 0.5 0.5 0.5))
      (rotate (xyz 0 0 0))
    )
  )

  (module SM0603 (layer F.Cu) (tedit 5148D7EB) (tstamp 512D2737)
    (at 106.553 104.394)
    (path /51105241/5123B439)
    (attr smd)
    (fp_text reference R29 (at 0.061 -1.249) (layer F.SilkS)
      (effects (font (size 0.508 0.4572) (thickness 0.1143)))
    )
